MWD	TWD	logMdot	macc	mej	Yenv	Yej	Zenv	Zej	T8max
0.40	10	-9	4.12E-04	4.55E-04	0.2568	0.2579	0.1154	0.1204	0.90
		-10	5.62E-04	6.76E-04	0.2358	0.2364	0.1832	0.1893	0.98
		-11	5.87E-04	6.96E-04	0.2444	0.2322	0.1539	0.2075	0.95
0.65	10	-6	8.35E-06	0.00E+00	0.2830	\ldots	0.0208	\ldots	0.81
		-7	2.45E-05	0.00E+00	0.3434	\ldots	0.0203	\ldots	1.10
		-8	1.01E-04	1.03E-04	0.3754	0.3865	0.0207	0.0215	1.34
		-9	1.61E-04	1.63E-04	0.2540	0.2650	0.1201	0.1350	1.39
		-10	2.55E-04	2.76E-04	0.2407	0.2498	0.1637	0.1786	1.67
		-11	2.58E-04	2.37E-04	0.2570	0.2538	0.1233	0.1847	1.39
		-12	3.94E-04	6.66E-04	0.2660	0.1799	0.0500	0.4458	1.59
		-12.3	5.40E-04	5.04E-04	0.2644	0.2723	0.0504	0.0733	1.51
0.65	30	-6	8.63E-06	0.00E+00	0.2830	\ldots	0.0208	\ldots	0.80
		-7	2.54E-05	0.00E+00	0.3690	\ldots	0.0203	\ldots	1.09
		-8	1.02E-04	1.01E-04	0.3689	0.3801	0.0208	0.0214	1.22
		-9	1.11E-04	1.21E-04	0.2884	0.2956	0.1037	0.1102	1.21
		-10	9.55E-05	1.21E-04	0.2462	0.2489	0.2247	0.2370	1.24
		-11	5.96E-05	9.46E-05	0.1804	0.1817	0.3767	0.3910	1.21
		-12	4.12E-05	9.61E-05	0.1203	0.1216	0.5961	0.6085	1.28
		-12.3	4.44E-05	1.07E-04	0.1149	0.1161	0.6170	0.6300	1.32
0.65	50	-6	8.94E-06	0.00E+00	0.2860	\ldots	0.0206	\ldots	0.80
		-7	2.66E-05	0.00E+00	0.3497	\ldots	0.0203	\ldots	0.97
		-8	1.06E-04	9.88E-05	0.3669	0.3774	0.0207	0.0212	1.31
		-9	7.41E-05	9.16E-05	0.2556	0.2584	0.2098	0.2208	1.16
		-10	5.23E-05	6.72E-05	0.2549	0.2570	0.2442	0.2551	1.20
		-11	3.86E-05	5.36E-05	0.2480	0.2550	0.3100	0.3160	1.09
		-12	4.54E-05	1.11E-04	0.1320	0.1347	0.6049	0.6171	1.33
		-12.3	1.16E-04	2.61E-04	0.1288	0.1472	0.6262	0.6191	1.60
1.00	10	-6	2.05E-06	0.00E+00	0.3260	\ldots	0.0204	\ldots	1.05
		-7	8.96E-06	7.21E-06	0.3421	0.4187	0.0210	0.0223	1.41
		-8	2.06E-05	2.22E-05	0.3044	0.3314	0.0937	0.1002	1.59
		-9	4.66E-05	5.18E-05	0.2676	0.2969	0.1200	0.1270	1.86
		-10	8.40E-05	9.72E-05	0.2427	0.2744	0.1553	0.1620	2.10
		-11	8.72E-05	1.00E-04	0.2475	0.2730	0.1529	0.1917	2.09
		-12	9.28E-05	1.62E-04	0.2429	0.1901	0.0332	0.4770	2.10
		-12.3	1.04E-04	2.00E-04	0.1860	0.1772	0.0136	0.5328	2.31
1.00	30	-6	2.10E-06	0.00E+00	0.3160	\ldots	0.0204	\ldots	1.04
		-7	8.74E-06	5.74E-06	0.3280	0.3535	0.0208	0.0215	1.34
		-8	2.03E-05	2.19E-05	0.3035	0.3300	0.0951	0.1010	1.57
		-9	2.70E-05	3.10E-05	0.2686	0.2940	0.1492	0.1590	1.68
		-10	2.10E-05	2.70E-05	0.2376	0.2587	0.2411	0.2558	1.66
		-11	1.15E-05	1.99E-05	0.1752	0.1884	0.4435	0.4656	1.60
		-12	9.72E-06	2.17E-05	0.1407	0.1665	0.5910	0.5971	1.66
		-12.3	3.21E-05	5.53E-05	0.1607	0.2064	0.5588	0.5431	2.12
1.00	50	-6	2.15E-06	0.00E+00	0.3220	\ldots	0.0203	\ldots	1.03
		-7	8.30E-06	5.05E-06	0.3239	0.3470	0.0207	0.0210	1.39
		-8	2.27E-05	2.27E-05	0.3625	0.3891	0.0227	0.0272	1.58
		-9	1.62E-05	1.94E-05	0.2718	0.2934	0.1836	0.1957	1.53
		-10	1.09E-05	1.42E-05	0.2622	0.2809	0.2486	0.2636	1.46
		-11	7.94E-06	1.19E-05	0.2220	0.2450	0.3710	0.3790	1.43
		-12	2.07E-05	3.27E-05	0.2328	0.2756	0.4323	0.4210	1.78
		-12.3	2.53E-05	4.69E-05	0.2274	0.2748	0.4947	0.4764	1.96
1.25	10	-6	4.14E-07	0.00E+00	0.3184	\ldots	0.0204	\ldots	1.27
		-7	1.92E-06	1.62E-06	0.3194	0.3744	0.0217	0.0263	1.62
		-8	3.67E-06	3.91E-06	0.2983	0.3637	0.0834	0.0876	1.90
		-9	9.27E-06	1.06E-05	0.2562	0.3336	0.1417	0.1411	2.33
		-10	1.91E-05	2.18E-05	0.2473	0.3221	0.1413	0.1562	2.70
		-11	2.97E-05	3.61E-05	0.2372	0.3155	0.1933	0.2092	3.01
		-12	3.22E-05	5.33E-05	0.1889	0.2485	0.3696	0.4371	3.77
		-12.3	\ldots	\ldots	\ldots	\ldots	\ldots	\ldots	\ldots
1.25	30	-6	3.82E-07	0.00E+00	0.3299	\ldots	0.0203	\ldots	1.23
		-7	1.96E-06	1.86E-06	0.3837	0.4380	0.0224	0.0273	1.67
		-8	3.84E-06	4.16E-06	0.3027	0.3671	0.0996	0.1037	1.92
		-9	5.22E-06	5.86E-06	0.2730	0.3400	0.1305	0.1359	2.05
		-10	4.35E-06	5.55E-06	0.2423	0.3060	0.2380	0.2480	2.05
		-11	2.34E-06	4.26E-06	0.1676	0.2202	0.4733	0.4931	1.99
		-12	2.10E-06	4.25E-06	0.1421	0.2124	0.5747	0.5725	2.01
		-12.3	5.79E-06	9.91E-06	0.1858	0.2708	0.5548	0.5401	2.84
1.25	50	-6	4.16E-07	0.00E+00	0.3148	\ldots	0.0205	\ldots	1.26
		-7	1.96E-06	1.78E-06	0.3374	0.4221	0.0218	0.0269	1.67
		-8	3.69E-06	4.01E-06	0.3026	0.3661	0.1019	0.1069	1.89
		-9	3.18E-06	3.58E-06	0.2803	0.3415	0.1498	0.1583	1.86
		-10	2.14E-06	2.78E-06	0.2584	0.3133	0.2523	0.2663	1.78
		-11	1.62E-06	2.51E-06	0.2210	0.2820	0.3930	0.3970	1.76
		-12	4.43E-06	5.95E-06	0.3387	0.4160	0.3356	0.3264	2.12
		-12.3	5.57E-06	1.00E-05	0.4400	0.5262	0.3346	0.3169	2.46
1.40	10	-6	1.81E-08	0.00E+00	0.3372	\ldots	0.0213	\ldots	1.64
		-7	7.71E-08	5.31E-08	0.3087	0.4603	0.0218	0.0272	2.09
		-8	1.64E-07	1.83E-07	0.2977	0.5004	0.1277	0.1277	2.52
		-9	4.12E-07	4.74E-07	0.2622	0.4732	0.1536	0.1521	3.07
		-10	5.90E-07	6.90E-07	0.2543	0.4068	0.1591	0.2250	3.62
		-11	2.59E-06	3.03E-06	0.2332	0.4598	0.2077	0.1967	4.70
		-12	\ldots	\ldots	\ldots	\ldots	\ldots	\ldots	\ldots
		-12.3	\ldots	\ldots	\ldots	\ldots	\ldots	\ldots	\ldots
1.40	30	-6	1.78E-08	0.00E+00	0.3466	\ldots	0.0208	\ldots	1.62
		-7	7.94E-08	5.54E-08	0.3073	0.4574	0.0217	0.0271	2.10
		-8	2.02E-07	2.02E-07	0.3600	0.5410	0.0242	0.0339	2.51
		-9	2.64E-07	3.02E-07	0.2817	0.4891	0.1488	0.1497	2.81
		-10	2.11E-07	2.68E-07	0.2509	0.4643	0.2338	0.2325	2.76
		-11	1.28E-07	2.09E-07	0.1968	0.3986	0.4235	0.4325	2.65
		-12	9.30E-08	1.94E-07	0.1189	0.3213	0.6100	0.6179	2.66
		-12.3	\ldots	\ldots	\ldots	\ldots	\ldots	\ldots	\ldots
1.40	50	-6	1.80E-08	0.00E+00	0.3354	\ldots	0.0214	\ldots	1.62
		-7	8.09E-08	5.69E-08	0.3089	0.4772	0.0218	0.0277	2.07
		-8	2.02E-07	2.02E-07	0.3600	0.5385	0.0241	0.0336	2.48
		-9	1.90E-07	2.18E-07	0.2927	0.4952	0.1535	0.1541	2.60
		-10	1.21E-07	1.64E-07	0.2608	0.4678	0.2848	0.2838	2.48
		-11	6.83E-08	1.25E-07	0.2220	0.4230	0.4750	0.4730	2.40
		-12	2.44E-07	3.15E-07	0.3772	0.6059	0.3348	0.3202	4.20
		-12.3	\ldots	\ldots	\ldots	\ldots	\ldots	\ldots	\ldots
